#LT0 Species 10 20 30 40 50 60 70 80 90 100 110 120 130 140 150 160 170 180 190 200 210 220 230 240 250 260 270 280 290 300#
#SPP1# 0 0 0 0 0 0 0 0 0 0 0 0 0 0 0 0 0 0 0 0
#SPP2# 0 0 0 0 0 0 0 0 0 0 0 0 0 0 0
#SPP3# 0 0 0 0 0 0 0 0 0 0 0 0 0 0 0 0 0 0 0 0 0 0 0 0 0 0 0 0 0 0

#LT1 Species 10 20 30 40 50 60 70 80 90 100 110 120 130 140 150 160 170 180 190 200 210 220 230 240 250 260 270 280 290 300#
#SPP1# 3 6 9 12 15 18 21 24 27 30 33 36 39 42 45 48 51 54 57 60
#SPP2# 8 16 24 32 40 48 56 64 72 80 88 96 104 112 120
#SPP3# 4.5 9 13.5 18 22.5 27 31.5 36 40.5 45 49.5 54 58.5 63 67.5 72 76.5 81 85.5 90 94.5 99 103.5 108 112.5 117 121.5 126 130.5 135

#LT2 Species 10 20 30 40 50 60 70 80 90 100 110 120 130 140 150 160 170 180 190 200 210 220 230 240 250 260 270 280 290 300#
#SPP1# 4 7 10 13 16 19 22 25 28 31 34 37 40 43 46 49 52 55 58 61
#SPP2# 9 17 25 33 41 49 57 65 73 81 89 97 105 113 121
#SPP3# 5.5 10 14.5 19 23.5 28 32.5 37 41.5 46 50.5 55 59.5 64 68.5 73 77.5 82 86.5 91 95.5 100 104.5 109 113.5 118 122.5 127 131.5 136

#LT3 Species 10 20 30 40 50 60 70 80 90 100 110 120 130 140 150 160 170 180 190 200 210 220 230 240 250 260 270 280 290 300#
#SPP1# 5 8 11 14 17 20 23 26 29 32 35 38 41 44 47 50 53 56 59 62
#SPP2# 10 18 26 34 42 50 58 66 74 82 90 98 106 114 122
#SPP3# 6.5 11 15.5 20 24.5 29 33.5 38 42.5 47 51.5 56 60.5 65 69.5 74 78.5 83 87.5 92 96.5 101 105.5 110 114.5 119 123.5 128 132.5 137

#LT4 Species 10 20 30 40 50 60 70 80 90 100 110 120 130 140 150 160 170 180 190 200 210 220 230 240 250 260 270 280 290 300#
#SPP1# 6 9 12 15 18 21 24 27 30 33 36 39 42 45 48 51 54 57 60 63
#SPP2# 11 19 27 35 43 51 59 67 75 83 91 99 107 115 123
#SPP3# 7.5 12 16.5 21 25.5 30 34.5 39 43.5 48 52.5 57 61.5 66 70.5 75 79.5 84 88.5 93 97.5 102 106.5 111 115.5 120 124.5 129 133.5 138

#LT5 Species 10 20 30 40 50 60 70 80 90 100 110 120 130 140 150 160 170 180 190 200 210 220 230 240 250 260 270 280 290 300#
#SPP1# 7 10 13 16 19 22 25 28 31 34 37 40 43 46 49 52 55 58 61 64
#SPP2# 12 20 28 36 44 52 60 68 76 84 92 100 108 116 124
#SPP3# 8.5 13 17.5 22 26.5 31 35.5 40 44.5 49 53.5 58 62.5 67 71.5 76 80.5 85 89.5 94 98.5 103 107.5 112 116.5 121 125.5 130 134.5 139

#LT6 Species 10 20 30 40 50 60 70 80 90 100 110 120 130 140 150 160 170 180 190 200 210 220 230 240 250 260 270 280 290 300#
#SPP1# 0 0 0 0 0 0 0 0 0 0 0 0 0 0 0 0 0 0 0 0
#SPP2# 0 0 0 0 0 0 0 0 0 0 0 0 0 0 0
#SPP3# 0 0 0 0 0 0 0 0 0 0 0 0 0 0 0 0 0 0 0 0 0 0 0 0 0 0 0 0 0 0

#LT7 Species 10 20 30 40 50 60 70 80 90 100 110 120 130 140 150 160 170 180 190 200 210 220 230 240 250 260 270 280 290 300#
#SPP1# 0 0 0 0 0 0 0 0 0 0 0 0 0 0 0 0 0 0 0 0
#SPP2# 0 0 0 0 0 0 0 0 0 0 0 0 0 0 0
#SPP3# 0 0 0 0 0 0 0 0 0 0 0 0 0 0 0 0 0 0 0 0 0 0 0 0 0 0 0 0 0 0

#LT8 Species 10 20 30 40 50 60 70 80 90 100 110 120 130 140 150 160 170 180 190 200 210 220 230 240 250 260 270 280 290 300#
#SPP1# 0 0 0 0 0 0 0 0 0 0 0 0 0 0 0 0 0 0 0 0
#SPP2# 0 0 0 0 0 0 0 0 0 0 0 0 0 0 0
#SPP3# 0 0 0 0 0 0 0 0 0 0 0 0 0 0 0 0 0 0 0 0 0 0 0 0 0 0 0 0 0 0

