#MapClass0#
 # 10 20 30 40 50 60 70 80 90 100 110 120 130 140 150 160 170 180 190 200 210 220 230 240 250 260 270 280 290 300#
#Red Maple# 1 0 0 0 0 0 0 0 0 0 0 0 0 0 0 0 
#White Oak# 1 0 0 0 0 0 0 0 0 0 0 0 0 0 0 0 0 0 0 0 0 0 0 0 0 0 0 0 0 0 0
#White Ash# 1 0 0 0 0 0 0 0 0 0 0 0 0 0 0 0 0 0 0 0 0 0 0 0 0 0 
#Loblolly Pine# 1 0 0 0 0 0 0 0 0 0 0 0 0 0 0 0 

#MapClass1 red maple#
 # 10 20 30 40 50 60 70 80 90 100 110 120 130 140 150 160 170 180 190 200 210 220 230 240 250 260 270 280 290 300#
#Red Maple# 1 0 0 0 100 0 0 0 0 0 0 0 0 0 0 0 
#White Oak# 1 0 0 0 0 0 0 0 0 0 0 0 0 0 0 0 0 0 0 0 0 0 0 0 0 0 0 0 0 0 0
#White Ash# 1 0 0 0 0 0 0 0 0 0 0 0 0 0 0 0 0 0 0 0 0 0 0 0 0 0 
#Loblolly Pine# 1 0 0 0 0 0 0 0 0 0 0 0 0 0 0 0 

#MapClass2 white oak#
 # 10 20 30 40 50 60 70 80 90 100 110 120 130 140 150 160 170 180 190 200 210 220 230 240 250 260 270 280 290 300#
#Red Maple# 1 0 0 0 0 0 0 0 0 0 0 0 0 0 0 0 
#White Oak# 1 0 0 0 100 0 0 0 0 0 0 0 0 0 0 0 0 0 0 0 0 0 0 0 0 0 0 0 0 0 0
#White Ash# 1 0 0 0 0 0 0 0 0 0 0 0 0 0 0 0 0 0 0 0 0 0 0 0 0 0 
#Loblolly Pine# 1 0 0 0 0 0 0 0 0 0 0 0 0 0 0 0 

#MapClass3 white ash#
 # 10 20 30 40 50 60 70 80 90 100 110 120 130 140 150 160 170 180 190 200 210 220 230 240 250 260 270 280 290 300#
#Red Maple# 1 0 0 0 0 0 0 0 0 0 0 0 0 0 0 0 
#White Oak# 1 0 0 0 0 0 0 0 0 0 0 0 0 0 0 0 0 0 0 0 0 0 0 0 0 0 0 0 0 0 0
#White Ash# 1 0 0 0 100 0 0 0 0 0 0 0 0 0 0 0 0 0 0 0 0 0 0 0 0 0 
#Loblolly Pine# 1 0 0 0 0 0 0 0 0 0 0 0 0 0 0 0 

#MapClass4 lobpine#
 # 10 20 30 40 50 60 70 80 90 100 110 120 130 140 150 160 170 180 190 200 210 220 230 240 250 260 270 280 290 300#
#Red Maple# 1 0 0 0 0 0 0 0 0 0 0 0 0 0 0 0 
#White Oak# 1 0 0 0 0 0 0 0 0 0 0 0 0 0 0 0 0 0 0 0 0 0 0 0 0 0 0 0 0 0 0
#White Ash# 1 0 0 0 0 0 0 0 0 0 0 0 0 0 0 0 0 0 0 0 0 0 0 0 0 0 
#Loblolly Pine# 1 0 0 0 100 0 0 0 0 0 0 0 0 0 0 0 

#MapClass5#
 # 10 20 30 40 50 60 70 80 90 100 110 120 130 140 150 160 170 180 190 200 210 220 230 240 250 260 270 280 290 300#
#Red Maple# 1 0 0 0 0 0 0 0 0 0 0 0 0 0 0 0 
#White Oak# 1 0 0 0 0 0 0 0 0 0 0 0 0 0 0 0 0 0 0 0 0 0 0 0 0 0 0 0 0 0 0
#White Ash# 1 0 0 0 0 0 0 0 0 0 0 0 0 0 0 0 0 0 0 0 0 0 0 0 0 0 
#Loblolly Pine# 1 0 0 0 0 0 0 0 0 0 0 0 0 0 0 0 



